0.201
0.001
0.002
0.001
0.002
0.002
0.002
0.002
0.002
0.001
0.001
0.001
0.001
0.004
0.002
0.002
0.001
0.002
0.002
0.001
0.001
0.001
0.001
0.001
0.002
0.001
0.001
0.001
0.001
0.002
0.002
0.001
0.003
0.201
0.001
0.001
0.201
0.001
0.001
0.201
0.001
0.001
0.002
0.003
0.004
0.001
0.001
0.002
0.001
0.001
0.002
0.001
0.003
0.003
0.201
0.001
0.001
0.002
0.001
0.002
0.001
0.001
0.002
0.001
0.001
0.002
0.001
0.002
0.004
0.004
0.002
0.201
0.001
0.003
0.001
0.002
0.002
0.006
0.002
0.001
0.001
0.001
0.001
0.007
0.004
0.001
0.002
0.001
0.002
0.201
0.001
0.003
0.002
0.201
0.001
0.001
0.002
0.001
0.002
0.002
0.001
0.001
0.001
0.002
0.001
0.001
0.001
0.005
0.002
0.002
0.002
0.201
0.002
0.002
0.001
0.004
0.001
0.002
0.002
0.002
0.002
0.001
0.002
0.002
0.001
0.001
0.002
0.001
0.001
0.002
0.002
0.001
0.002
0.001
0.003
0.001
0.000
0.003
