2.204
0.002
0.003
0.002
0.001
0.001
0.002
0.003
0.001
0.001
0.002
0.001
0.004
0.001
0.001
0.001
0.001
0.001
0.002
0.002
0.001
0.002
0.001
0.001
0.002
0.001
0.001
0.001
0.001
0.001
0.001
0.004
0.005
0.003
0.002
0.002
0.001
0.002
0.001
0.001
0.001
0.001
0.002
0.002
0.003
0.001
0.001
0.001
0.001
0.005
0.001
0.001
0.003
0.002
0.201
0.200
0.201
0.201
0.200
0.203
0.201
0.201
0.201
0.201
0.201
0.201
0.201
0.201
0.200
0.201
0.201
0.200
0.201
0.201
0.201
0.201
0.201
0.201
0.201
0.002
0.002
0.001
0.002
0.001
0.001
0.002
0.001
0.002
0.001
0.001
0.001
0.001
0.002
0.001
0.003
0.006
0.001
0.002
0.001
0.002
0.001
0.001
0.001
0.004
0.002
0.004
0.001
0.003
0.001
0.001
0.002
