1555014511.955358,3
1555014512.057709,20
1555014512.160871,20
1555014512.264501,20
1555014512.368133,20
1555014512.471656,20
1555014512.574774,20
1555014512.677224,20
1555014512.780285,19
1555014512.887284,20
1555014512.990153,20
1555014513.093012,17
1555014513.196485,20
1555014513.300719,8
1555014513.404076,6
1555014513.507559,9
1555014513.610315,9
1555014513.713142,11
1555014513.815440,13
1555014513.918207,13
1555014514.020751,15
1555014514.123600,15
1555014514.226335,16
1555014514.329932,15
1555014514.433363,17
1555014514.536339,17
1555014514.639233,17
1555014514.742048,18
1555014514.844935,18
1555014514.948463,19
1555014515.051775,20
1555014515.154471,20
1555014515.257059,11
1555014515.360524,12
1555014515.463867,13
1555014515.566688,13
1555014515.669197,14
1555014515.772487,15
1555014515.875853,15
1555014515.979346,16
1555014516.082543,17
1555014516.185987,17
1555014516.288513,19
1555014516.391519,18
1555014516.494356,19
1555014516.596697,20
1555014516.699962,20
1555014516.802167,20
1555014516.905209,16
1555014517.008270,7
1555014517.110975,8
1555014517.214293,9
1555014517.317688,10
1555014517.420196,12
1555014517.523004,12
1555014517.625995,13
1555014517.730002,13
1555014517.832795,14
1555014517.935363,15
1555014518.038890,16
1555014518.141533,16
1555014518.244326,17
1555014518.347252,17
1555014518.449988,18
1555014518.552864,20
1555014518.655395,19
1555014518.758365,20
1555014518.861846,17
1555014518.964301,11
1555014519.066793,12
1555014519.169769,14
1555014519.273107,15
1555014519.376530,15
1555014519.480927,16
1555014519.585812,17
1555014519.688223,18
1555014519.790753,18
1555014519.893502,18
1555014519.995874,19
1555014520.098283,20
1555014520.200637,20
1555014520.303217,20
1555014520.406189,15
1555014520.508624,11
1555014520.610974,12
1555014520.715769,13
1555014520.818197,15
1555014520.920557,14
1555014521.024483,15
1555014521.127403,16
1555014521.230141,16
1555014521.333584,17
1555014521.435970,17
1555014521.538759,18
1555014521.641554,19
1555014521.744982,19
1555014521.851093,19
1555014521.955099,11
1555014522.058758,11
1555014522.161731,12
1555014522.264612,13
1555014522.368110,14
1555014522.470439,14
1555014522.573761,15
1555014522.677333,16
1555014522.779841,16
1555014522.883097,17
1555014522.985638,18
1555014523.088190,19
1555014523.190822,19
1555014523.295608,19
1555014523.399025,19
1555014523.502258,11
1555014523.607125,13
1555014523.711889,14
1555014523.819877,14
1555014523.922362,15
1555014524.027123,16
1555014524.130191,16
1555014524.238493,18
1555014524.342067,18
1555014524.444628,18
1555014524.547909,19
1555014524.650838,19
1555014524.755289,20
1555014524.860579,20
1555014524.964282,14
1555014525.067060,11
1555014525.169987,12
1555014525.272463,13
1555014525.375904,15
1555014525.479267,14
1555014525.581827,15
1555014525.685464,16
1555014525.788057,16
1555014525.890539,17
1555014525.993604,17
1555014526.096838,18
1555014526.200117,19
1555014526.303279,19
1555014526.406741,20
1555014526.510215,20
1555014526.616885,20
1555014526.720571,11
1555014526.823178,7
1555014526.926367,8
1555014527.030325,9
1555014527.132766,10
1555014527.235715,11
1555014527.338644,12
1555014527.442203,13
1555014527.544688,15
1555014527.651190,14
1555014527.753736,15
1555014527.857374,17
1555014527.961695,17
1555014528.064896,18
1555014528.167276,19
1555014528.269991,19
1555014528.373068,20
1555014528.476066,20
1555014528.581115,20
1555014528.683888,20
1555014528.786871,20
1555014528.889395,10
1555014528.992412,8
1555014529.095730,9
1555014529.199476,10
1555014529.302712,11
1555014529.405715,12
1555014529.510142,13
1555014529.618885,15
1555014529.721248,15
1555014529.824885,16
1555014529.929988,16
1555014530.033002,17
1555014530.136488,17
1555014530.239165,18
1555014530.342839,18
1555014530.445611,18
1555014530.548199,20
1555014530.651476,19
1555014530.754416,20
1555014530.858534,20
1555014530.961701,20
1555014531.064862,6
1555014531.168203,7
1555014531.271187,9
1555014531.373664,10
1555014531.477332,11
1555014531.580871,12
1555014531.683575,12
1555014531.787349,14
1555014531.890185,14
1555014531.993492,15
1555014532.097122,15
1555014532.200555,16
1555014532.303435,17
1555014532.406429,17
1555014532.509418,18
1555014532.612606,18
1555014532.717685,20
1555014532.820258,20
1555014532.928963,20
1555014533.031660,12
1555014533.134217,13
1555014533.236806,14
1555014533.340683,14
1555014533.443703,15
1555014533.547247,16
1555014533.650234,17
1555014533.753562,17
1555014533.856239,18
1555014533.965314,19
1555014534.070881,20
1555014534.174077,19
1555014534.276897,19
1555014534.379572,19
1555014534.482360,10
1555014534.585142,11
1555014534.687573,12
1555014534.790608,13
1555014534.893497,14
1555014534.996278,14
1555014535.100062,15
1555014535.202816,17
1555014535.307168,16
1555014535.410419,17
1555014535.513369,18
1555014535.615871,18
1555014535.718447,19
1555014535.823819,19
1555014535.927319,19
1555014536.031360,11
1555014536.134022,12
1555014536.239370,12
1555014536.349061,15
1555014536.452264,15
1555014536.554956,16
1555014536.657682,16
1555014536.762422,17
1555014536.892726,18
1555014536.998028,17
1555014537.100932,18
1555014537.203588,19
1555014537.306119,19
1555014537.409140,19
1555014537.511782,11
1555014537.614371,11
1555014537.717949,12
1555014537.821302,13
1555014537.924005,14
1555014538.026455,14
1555014538.129696,15
1555014538.232068,16
1555014538.334904,16
1555014538.438607,18
1555014538.542084,18
1555014538.644764,18
1555014538.748603,19
1555014538.851591,19
1555014538.954706,20
1555014539.057730,20
1555014539.160393,20
1555014539.263605,10
1555014539.369359,7
1555014539.471856,8
1555014539.574972,10
1555014539.678891,10
1555014539.781723,11
1555014539.885294,12
1555014539.988521,13
1555014540.092038,14
1555014540.194868,14
1555014540.298382,16
1555014540.404325,17
1555014540.507126,17
1555014540.614013,18
1555014540.717985,20
1555014540.821618,19
1555014540.924364,20
1555014541.028501,20
1555014541.131109,20
1555014541.235133,20
1555014541.337753,11
1555014541.440317,12
1555014541.543824,13
1555014541.647513,14
1555014541.750083,14
1555014541.853219,16
1555014541.957266,15
1555014542.060115,17
1555014542.164120,16
1555014542.268872,17
1555014542.371770,18
1555014542.474766,18
1555014542.577607,19
1555014542.680470,19
1555014542.782813,19
1555014542.885991,11
1555014542.988675,13
1555014543.095136,12
1555014543.198704,13
1555014543.302484,14
1555014543.405055,15
1555014543.507909,15
1555014543.612490,16
1555014543.715166,17
1555014543.818271,17
1555014543.921254,18
1555014544.025148,18
1555014544.131167,19
1555014544.234776,10
1555014544.338557,12
1555014544.441139,13
1555014544.544707,14
1555014544.647571,15
1555014544.750531,15
1555014544.853622,16
1555014544.957054,17
1555014545.061146,17
1555014545.165708,19
1555014545.268558,19
1555014545.373573,19
1555014545.477684,20
1555014545.580590,20
1555014545.683189,20
1555014545.786813,20
1555014545.889465,20
1555014545.992006,6
1555014546.096287,7
1555014546.198965,9
1555014546.302149,10
1555014546.405624,11
1555014546.508879,11
1555014546.611795,12
1555014546.715634,13
1555014546.819134,14
1555014546.921832,15
1555014547.025729,15
1555014547.128560,16
1555014547.231367,16
1555014547.333679,18
1555014547.437499,17
1555014547.541330,10
1555014547.644453,11
1555014547.747273,11
1555014547.851153,12
1555014547.955212,13
1555014548.057580,14
1555014548.160569,15
1555014548.263769,15
1555014548.367249,16
1555014548.470722,17
1555014548.574019,17
1555014548.677171,18
1555014548.780339,18
1555014548.884421,19
1555014548.987550,19
1555014549.091125,19
1555014549.194270,11
1555014549.297609,12
1555014549.400355,14
1555014549.503993,14
1555014549.606544,16
1555014549.709488,16
1555014549.812359,16
1555014549.915789,17
1555014550.018276,19
1555014550.121834,18
1555014550.225530,19
1555014550.328520,19
1555014550.430959,20
1555014550.535930,20
1555014550.640642,18
1555014550.746506,12
1555014550.849323,12
1555014550.952710,13
1555014551.057492,14
1555014551.160589,14
1555014551.264973,15
1555014551.368355,16
1555014551.470672,16
1555014551.574218,17
1555014551.676875,17
1555014551.780393,18
1555014551.883263,20
1555014551.986668,19
1555014552.092598,19
1555014552.196664,11
1555014552.299625,11
1555014552.402960,12
1555014552.505696,13
1555014552.608865,14
1555014552.711550,15
1555014552.814085,15
1555014552.943513,18
1555014553.049272,18
1555014553.152151,18
1555014553.255423,19
1555014553.358277,19
1555014553.461804,20
1555014553.564668,20
1555014553.668114,19
1555014553.770405,11
1555014553.873297,12
1555014553.981689,14
1555014554.084701,14
1555014554.197559,14
1555014554.301050,15
1555014554.403693,16
1555014554.507921,16
1555014554.610513,17
1555014554.714084,17
1555014554.817127,18
1555014554.920649,19
1555014555.023862,19
1555014555.126319,20
1555014555.230020,20
1555014555.332530,19
1555014555.436105,6
1555014555.539920,8
1555014555.643262,9
1555014555.748278,10
1555014555.850686,11
1555014555.960347,12
1555014556.064952,14
1555014556.177049,15
1555014556.279238,15
1555014556.382964,16
1555014556.486492,16
1555014556.590173,17
1555014556.693000,18
1555014556.795773,18
1555014556.902277,19
1555014557.005793,19
1555014557.108908,20
1555014557.211482,20
1555014557.315148,13
1555014557.418116,6
1555014557.525490,7
1555014557.629649,9
1555014557.732834,10
1555014557.839238,8
1555014557.941786,11
1555014558.044334,13
1555014558.148321,13
1555014558.251941,14
1555014558.354714,16
1555014558.458479,17
1555014558.562506,16
1555014558.665556,17
1555014558.768805,17
1555014558.871924,18
1555014558.975160,19
1555014559.078069,19
1555014559.180875,20
1555014559.284338,20
1555014559.388356,20
1555014559.491894,18
1555014559.595143,7
1555014559.698354,8
1555014559.804785,10
1555014559.907955,11
1555014560.013549,12
1555014560.116350,13
1555014560.220075,13
1555014560.323158,14
1555014560.427241,15
1555014560.531336,15
1555014560.634832,17
1555014560.738833,17
1555014560.844503,17
1555014560.947700,18
1555014561.051952,19
1555014561.155486,19
1555014561.258962,20
1555014561.362370,20
1555014561.466273,20
1555014561.571134,10
1555014561.675068,11
1555014561.779319,13
1555014561.883002,13
1555014561.985817,14
1555014562.089477,14
1555014562.192737,15
1555014562.296284,16
1555014562.399941,16
1555014562.504105,17
1555014562.607135,18
1555014562.710447,18
1555014562.814622,19
1555014562.917484,19
1555014563.021057,19
1555014563.124995,11
1555014563.228643,12
1555014563.331402,12
1555014563.435136,13
1555014563.539161,14
1555014563.643633,15
1555014563.746560,15
1555014563.849765,17
1555014563.953143,19
1555014564.055829,18
1555014564.158748,19
1555014564.262249,19
1555014564.365020,20
1555014564.467987,20
1555014564.570964,19
1555014564.674497,12
1555014564.778183,13
1555014564.881324,14
1555014564.991250,15
1555014565.093967,15
1555014565.197503,15
1555014565.300387,16
1555014565.403557,16
1555014565.506404,17
1555014565.608590,17
1555014565.712126,18
1555014565.814747,19
1555014565.918221,19
1555014566.021622,19
1555014566.123856,11
1555014566.227677,11
1555014566.331404,12
1555014566.443950,13
1555014566.548535,14
1555014566.652458,15
1555014566.756500,15
1555014566.859299,16
1555014566.961852,16
1555014567.103524,18
1555014567.207906,19
1555014567.310581,20
1555014567.413204,19
1555014567.517401,10
1555014567.619889,11
1555014567.722909,12
1555014567.827562,13
1555014567.932972,14
1555014568.036438,14
1555014568.139966,15
1555014568.242350,16
1555014568.345376,16
1555014568.448000,18
1555014568.550308,17
1555014568.654047,18
1555014568.757328,19
1555014568.860566,19
1555014568.964436,20
1555014569.067261,20
1555014569.171312,20
1555014569.274326,11
1555014569.377867,7
1555014569.481937,8
1555014569.585145,10
1555014569.688057,10
1555014569.791135,11
1555014569.894798,12
1555014569.997973,13
1555014570.101179,14
1555014570.204445,14
1555014570.307475,15
1555014570.411167,17
1555014570.513833,17
1555014570.617209,18
1555014570.720982,19
1555014570.825413,19
1555014570.928540,20
1555014571.031672,20
1555014571.134067,20
1555014571.237871,20
1555014571.341061,20
1555014571.444293,9
1555014571.546966,8
1555014571.650553,9
1555014571.753430,11
1555014571.855940,13
1555014571.958845,12
1555014572.061560,13
1555014572.164440,14
1555014572.266568,15
1555014572.369498,16
1555014572.472598,16
1555014572.579698,17
1555014572.683952,16
1555014572.786715,17
1555014572.890059,15
1555014572.992598,0
1555014573.095376,0
1555014573.197945,0
1555014573.300882,0
1555014573.403194,0
1555014573.506501,0
1555014573.609497,0
1555014573.712193,0
1555014573.814798,0
1555014573.917537,0
